R 1
R 3
R 2
R 1
R -40
R -1
R 3
R 2
R -51
S 7 0 36 77 0 0 7 6 3 0 0
S 7 0 36 77 0 0 7 6 3 0 0
S 7 0 36 77 0 0 7 6 3 0 0
S 7 0 36 77 0 0 7 6 3 0 0
S 7 0 36 77 0 0 7 6 3 0 0
S 7 0 36 77 0 0 7 6 3 0 0
S 7 0 36 77 0 0 7 6 3 0 0
S 7 0 36 77 0 0 7 6 3 0 0
S 7 0 36 77 0 0 7 6 3 0 0
S 7 0 36 77 0 0 7 6 3 0 0
S 7 0 36 77 0 0 7 6 3 0 0
S 7 0 36 77 0 0 7 6 3 0 0
S 7 0 36 77 0 0 7 6 3 0 0
S 7 0 36 77 0 0 7 6 3 0 0
S 7 0 36 77 0 0 7 6 3 0 0
S 7 0 36 77 0 0 7 6 3 0 0
S 7 0 36 77 0 0 7 6 3 0 0
S 7 0 36 77 0 0 7 6 3 0 0
S 7 0 36 77 0 0 7 6 3 0 0
S 7 0 36 77 0 0 7 6 3 0 0
S 7 0 36 77 0 0 7 6 3 0 0
S 7 0 36 77 0 0 7 6 3 0 0
S 7 0 36 77 0 0 7 6 3 0 0
S 7 0 36 77 0 0 7 6 3 0 0
S 7 0 36 77 0 0 7 6 3 0 0
S 7 0 36 77 0 0 7 6 3 0 0
S 7 0 36 77 0 0 7 6 3 0 0
S 7 0 36 77 0 0 7 6 3 0 0
S 7 0 36 77 0 0 7 6 3 0 0
S 7 0 36 77 0 0 7 6 3 0 0
S 7 0 36 77 0 0 7 6 3 0 0
S 7 0 36 77 0 0 7 6 3 0 0
S 7 0 36 77 0 0 7 6 3 0 0
S 7 0 36 77 0 0 7 6 3 0 0
S 7 0 36 77 0 0 7 6 3 0 0
S 7 0 36 77 0 0 7 6 3 0 0
S 7 0 36 77 0 0 7 6 3 0 0
S 7 0 36 77 0 0 7 6 3 0 0
S 7 0 36 77 0 0 7 6 3 0 0
S 7 0 36 77 0 0 7 6 3 0 0
S 7 0 36 77 0 0 7 6 3 0 0
S 7 0 36 77 0 0 7 6 3 0 0
S 7 0 36 77 0 0 7 6 3 0 0
S 7 0 36 77 0 0 7 6 3 0 0
S 7 0 36 77 0 0 7 6 3 0 0
S 7 0 36 77 0 0 7 6 3 0 0
S 7 0 36 77 0 0 7 6 3 0 0
S 7 0 36 77 0 0 7 6 3 0 0
S 7 0 36 77 0 0 7 6 3 0 0
S 7 0 36 77 0 0 7 6 3 0 0
S 7 0 36 77 0 0 7 6 3 0 0
S 7 0 36 77 0 0 7 6 3 0 0
S 7 0 36 77 0 0 7 6 3 0 0
S 7 0 36 77 0 0 7 6 3 0 0
S 7 0 36 77 0 0 7 6 3 0 0
S 7 0 36 77 0 0 7 6 3 0 0
S 7 0 36 77 0 0 7 6 3 0 0
S 7 0 36 77 0 0 7 6 3 0 0
S 7 0 36 77 0 0 7 6 3 0 0
S 7 0 36 77 0 0 7 6 3 0 0
F 7 0 36 77 0 0 7 6 3 0 0
